1, 4
2, 4
3, 4
4, 5
6, 5
7, 5
8, 5
5, 10
9, 10
11, 14
12, 14
13, 14
14, 15
16, 15
17, 15
18, 15
15, 20
19, 20
21, 24
22, 24
23, 24
24, 25
26, 25
27, 25
28, 25
25, 30
29, 30
31, 34
32, 34
33, 34
34, 35
36, 35
37, 35
38, 35
35, 40
39, 40
41, 44
42, 44
43, 44
44, 45
46, 45
47, 45
48, 45
45, 50
49, 50
51, 54
52, 54
53, 54
54, 55
56, 55
57, 55
58, 55
55, 60
59, 60
61, 64
62, 64
63, 64
64, 65
66, 65
67, 65
68, 65
65, 70
69, 70
71, 74
72, 74
73, 74
74, 75
76, 75
77, 75
78, 75
75, 80
79, 80
81, 84
82, 84
83, 84
84, 85
86, 85
87, 85
88, 85
85, 90
89, 90
91, 94
92, 94
93, 94
94, 95
96, 95
97, 95
98, 95
95, 100
99, 100
101, 104
102, 104
103, 104
104, 105
106, 105
107, 105
108, 105
105, 110
109, 110
111, 114
112, 114
113, 114
114, 115
116, 115
117, 115
118, 115
115, 120
119, 120
121, 124
122, 124
123, 124
124, 125
126, 125
127, 125
128, 125
125, 130
129, 130
131, 134
132, 134
133, 134
134, 135
136, 135
137, 135
138, 135
135, 140
139, 140
141, 144
142, 144
143, 144
144, 145
146, 145
147, 145
148, 145
145, 150
149, 150
151, 154
152, 154
153, 154
154, 155
156, 155
157, 155
158, 155
155, 160
159, 160
161, 164
162, 164
163, 164
164, 165
166, 165
167, 165
168, 165
165, 170
169, 170
171, 174
172, 174
173, 174
174, 175
176, 175
177, 175
178, 175
175, 180
179, 180
181, 184
182, 184
183, 184
184, 185
186, 185
187, 185
188, 185
185, 190
189, 190
191, 194
192, 194
193, 194
194, 195
196, 195
197, 195
198, 195
195, 200
199, 200
201, 204
202, 204
203, 204
204, 205
206, 205
207, 205
208, 205
205, 210
209, 210
211, 214
212, 214
213, 214
214, 215
216, 215
217, 215
218, 215
215, 220
219, 220
221, 224
222, 224
223, 224
224, 225
226, 225
227, 225
228, 225
225, 230
229, 230
231, 234
232, 234
233, 234
234, 235
236, 235
237, 235
238, 235
235, 240
239, 240
241, 244
242, 244
243, 244
244, 245
246, 245
247, 245
248, 245
245, 250
249, 250
251, 254
252, 254
253, 254
254, 255
256, 255
257, 255
258, 255
255, 260
259, 260
261, 264
262, 264
263, 264
264, 265
266, 265
267, 265
268, 265
265, 270
269, 270
271, 274
272, 274
273, 274
274, 275
276, 275
277, 275
278, 275
275, 280
279, 280
281, 284
282, 284
283, 284
284, 285
286, 285
287, 285
288, 285
285, 290
289, 290
291, 294
292, 294
293, 294
294, 295
296, 295
297, 295
298, 295
295, 300
299, 300
301, 304
302, 304
303, 304
304, 305
306, 305
307, 305
308, 305
305, 310
309, 310
311, 314
312, 314
313, 314
314, 315
316, 315
317, 315
318, 315
315, 320
319, 320
321, 324
322, 324
323, 324
324, 325
326, 325
327, 325
328, 325
325, 330
329, 330
331, 334
332, 334
333, 334
334, 335
336, 335
337, 335
338, 335
335, 340
339, 340
341, 344
342, 344
343, 344
344, 345
346, 345
347, 345
348, 345
345, 350
349, 350
351, 354
352, 354
353, 354
354, 355
356, 355
357, 355
358, 355
355, 360
359, 360
361, 364
362, 364
363, 364
364, 365
366, 365
367, 365
368, 365
365, 370
369, 370
371, 374
372, 374
373, 374
374, 375
376, 375
377, 375
378, 375
375, 380
379, 380
381, 384
382, 384
383, 384
384, 385
386, 385
387, 385
388, 385
385, 390
389, 390
391, 394
392, 394
393, 394
394, 395
396, 395
397, 395
398, 395
395, 400
399, 400
401, 404
402, 404
403, 404
404, 405
406, 405
407, 405
408, 405
405, 410
409, 410
411, 414
412, 414
413, 414
414, 415
416, 415
417, 415
418, 415
415, 420
419, 420
421, 424
422, 424
423, 424
424, 425
426, 425
427, 425
428, 425
425, 430
429, 430
431, 434
432, 434
433, 434
434, 435
436, 435
437, 435
438, 435
435, 440
439, 440
441, 444
442, 444
443, 444
444, 445
446, 445
447, 445
448, 445
445, 450
449, 450
451, 454
452, 454
453, 454
454, 455
456, 455
457, 455
458, 455
455, 460
459, 460
461, 464
462, 464
463, 464
464, 465
466, 465
467, 465
468, 465
465, 470
469, 470
471, 474
472, 474
473, 474
474, 475
476, 475
477, 475
478, 475
475, 480
479, 480
481, 484
482, 484
483, 484
484, 485
486, 485
487, 485
488, 485
485, 490
489, 490
491, 494
492, 494
493, 494
494, 495
496, 495
497, 495
498, 495
495, 500
499, 500
501, 504
502, 504
503, 504
504, 505
506, 505
507, 505
508, 505
505, 510
509, 510
511, 514
512, 514
513, 514
514, 515
516, 515
517, 515
518, 515
515, 520
519, 520
521, 524
522, 524
523, 524
524, 525
526, 525
527, 525
528, 525
525, 530
529, 530
531, 534
532, 534
533, 534
534, 535
536, 535
537, 535
538, 535
535, 540
539, 540
541, 544
542, 544
543, 544
544, 545
546, 545
547, 545
548, 545
545, 550
549, 550
551, 554
552, 554
553, 554
554, 555
556, 555
557, 555
558, 555
555, 560
559, 560
561, 564
562, 564
563, 564
564, 565
566, 565
567, 565
568, 565
565, 570
569, 570
571, 574
572, 574
573, 574
574, 575
576, 575
577, 575
578, 575
575, 580
579, 580
581, 584
582, 584
583, 584
584, 585
586, 585
587, 585
588, 585
585, 590
589, 590
591, 594
592, 594
593, 594
594, 595
596, 595
597, 595
598, 595
595, 600
599, 600
601, 604
602, 604
603, 604
604, 605
606, 605
607, 605
608, 605
605, 610
609, 610
611, 614
612, 614
613, 614
614, 615
616, 615
617, 615
618, 615
615, 620
619, 620
621, 624
622, 624
623, 624
624, 625
626, 625
627, 625
628, 625
625, 630
629, 630
631, 634
632, 634
633, 634
634, 635
636, 635
637, 635
638, 635
635, 640
639, 640
641, 644
642, 644
643, 644
644, 645
646, 645
647, 645
648, 645
645, 650
649, 650
651, 654
652, 654
653, 654
654, 655
656, 655
657, 655
658, 655
655, 660
659, 660
661, 664
662, 664
663, 664
664, 665
666, 665
667, 665
668, 665
665, 670
669, 670
671, 674
672, 674
673, 674
674, 675
676, 675
677, 675
678, 675
675, 680
679, 680
681, 684
682, 684
683, 684
684, 685
686, 685
687, 685
688, 685
685, 690
689, 690
691, 694
692, 694
693, 694
694, 695
696, 695
697, 695
698, 695
695, 700
699, 700
701, 704
702, 704
703, 704
704, 705
706, 705
707, 705
708, 705
705, 710
709, 710
711, 714
712, 714
713, 714
714, 715
716, 715
717, 715
718, 715
715, 720
719, 720
721, 724
722, 724
723, 724
724, 725
726, 725
727, 725
728, 725
725, 730
729, 730
731, 734
732, 734
733, 734
734, 735
736, 735
737, 735
738, 735
735, 740
739, 740
741, 744
742, 744
743, 744
744, 745
746, 745
747, 745
748, 745
745, 750
749, 750
751, 754
752, 754
753, 754
754, 755
756, 755
757, 755
758, 755
755, 760
759, 760
761, 764
762, 764
763, 764
764, 765
766, 765
767, 765
768, 765
765, 770
769, 770
771, 774
772, 774
773, 774
774, 775
776, 775
777, 775
778, 775
775, 780
779, 780
781, 784
782, 784
783, 784
784, 785
786, 785
787, 785
788, 785
785, 790
789, 790
791, 794
792, 794
793, 794
794, 795
796, 795
797, 795
798, 795
795, 800
799, 800
801, 804
802, 804
803, 804
804, 805
806, 805
807, 805
808, 805
805, 810
809, 810
811, 814
812, 814
813, 814
814, 815
816, 815
817, 815
818, 815
815, 820
819, 820
821, 824
822, 824
823, 824
824, 825
826, 825
827, 825
828, 825
825, 830
829, 830
831, 834
832, 834
833, 834
834, 835
836, 835
837, 835
838, 835
835, 840
839, 840
841, 844
842, 844
843, 844
844, 845
846, 845
847, 845
848, 845
845, 850
849, 850
851, 854
852, 854
853, 854
854, 855
856, 855
857, 855
858, 855
855, 860
859, 860
861, 864
862, 864
863, 864
864, 865
866, 865
867, 865
868, 865
865, 870
869, 870
871, 874
872, 874
873, 874
874, 875
876, 875
877, 875
878, 875
875, 880
879, 880
881, 884
882, 884
883, 884
884, 885
886, 885
887, 885
888, 885
885, 890
889, 890
891, 894
892, 894
893, 894
894, 895
896, 895
897, 895
898, 895
895, 900
899, 900
901, 904
902, 904
903, 904
904, 905
906, 905
907, 905
908, 905
905, 910
909, 910
911, 914
912, 914
913, 914
914, 915
916, 915
917, 915
918, 915
915, 920
919, 920
921, 924
922, 924
923, 924
924, 925
926, 925
927, 925
928, 925
925, 930
929, 930
931, 934
932, 934
933, 934
934, 935
936, 935
937, 935
938, 935
935, 940
939, 940
941, 944
942, 944
943, 944
944, 945
946, 945
947, 945
948, 945
945, 950
949, 950
951, 954
952, 954
953, 954
954, 955
956, 955
957, 955
958, 955
955, 960
959, 960
961, 964
962, 964
963, 964
964, 965
966, 965
967, 965
968, 965
965, 970
969, 970
971, 974
972, 974
973, 974
974, 975
976, 975
977, 975
978, 975
975, 980
979, 980
981, 984
982, 984
983, 984
984, 985
986, 985
987, 985
988, 985
985, 990
989, 990
991, 994
992, 994
993, 994
994, 995
996, 995
997, 995
998, 995
995, 1000
999, 1000
1001, 1008
1002, 1008
1003, 1008
1004, 1008
1005, 1008
1006, 1008
1007, 1008
1008, 1009
1009, 1010
1011, 1018
1012, 1018
1013, 1018
1014, 1018
1015, 1018
1016, 1018
1017, 1018
1018, 1019
1019, 1020
1021, 1028
1022, 1028
1023, 1028
1024, 1028
1025, 1028
1026, 1028
1027, 1028
1028, 1029
1029, 1030
1031, 1038
1032, 1038
1033, 1038
1034, 1038
1035, 1038
1036, 1038
1037, 1038
1038, 1039
1039, 1040
1041, 1048
1042, 1048
1043, 1048
1044, 1048
1045, 1048
1046, 1048
1047, 1048
1048, 1049
1049, 1050
1051, 1058
1052, 1058
1053, 1058
1054, 1058
1055, 1058
1056, 1058
1057, 1058
1058, 1059
1059, 1060
1061, 1068
1062, 1068
1063, 1068
1064, 1068
1065, 1068
1066, 1068
1067, 1068
1068, 1069
1069, 1070
1071, 1078
1072, 1078
1073, 1078
1074, 1078
1075, 1078
1076, 1078
1077, 1078
1078, 1079
1079, 1080
1081, 1088
1082, 1088
1083, 1088
1084, 1088
1085, 1088
1086, 1088
1087, 1088
1088, 1089
1089, 1090
1091, 1098
1092, 1098
1093, 1098
1094, 1098
1095, 1098
1096, 1098
1097, 1098
1098, 1099
1099, 1100
1101, 1108
1102, 1108
1103, 1108
1104, 1108
1105, 1108
1106, 1108
1107, 1108
1108, 1109
1109, 1110
1111, 1118
1112, 1118
1113, 1118
1114, 1118
1115, 1118
1116, 1118
1117, 1118
1118, 1119
1119, 1120
1121, 1128
1122, 1128
1123, 1128
1124, 1128
1125, 1128
1126, 1128
1127, 1128
1128, 1129
1129, 1130
1131, 1138
1132, 1138
1133, 1138
1134, 1138
1135, 1138
1136, 1138
1137, 1138
1138, 1139
1139, 1140
1141, 1148
1142, 1148
1143, 1148
1144, 1148
1145, 1148
1146, 1148
1147, 1148
1148, 1149
1149, 1150
1151, 1158
1152, 1158
1153, 1158
1154, 1158
1155, 1158
1156, 1158
1157, 1158
1158, 1159
1159, 1160
1161, 1168
1162, 1168
1163, 1168
1164, 1168
1165, 1168
1166, 1168
1167, 1168
1168, 1169
1169, 1170
1171, 1178
1172, 1178
1173, 1178
1174, 1178
1175, 1178
1176, 1178
1177, 1178
1178, 1179
1179, 1180
1181, 1188
1182, 1188
1183, 1188
1184, 1188
1185, 1188
1186, 1188
1187, 1188
1188, 1189
1189, 1190
1191, 1198
1192, 1198
1193, 1198
1194, 1198
1195, 1198
1196, 1198
1197, 1198
1198, 1199
1199, 1200
1201, 1208
1202, 1208
1203, 1208
1204, 1208
1205, 1208
1206, 1208
1207, 1208
1208, 1209
1209, 1210
1211, 1218
1212, 1218
1213, 1218
1214, 1218
1215, 1218
1216, 1218
1217, 1218
1218, 1219
1219, 1220
1221, 1228
1222, 1228
1223, 1228
1224, 1228
1225, 1228
1226, 1228
1227, 1228
1228, 1229
1229, 1230
1231, 1238
1232, 1238
1233, 1238
1234, 1238
1235, 1238
1236, 1238
1237, 1238
1238, 1239
1239, 1240
1241, 1248
1242, 1248
1243, 1248
1244, 1248
1245, 1248
1246, 1248
1247, 1248
1248, 1249
1249, 1250
1251, 1258
1252, 1258
1253, 1258
1254, 1258
1255, 1258
1256, 1258
1257, 1258
1258, 1259
1259, 1260
1261, 1268
1262, 1268
1263, 1268
1264, 1268
1265, 1268
1266, 1268
1267, 1268
1268, 1269
1269, 1270
1271, 1278
1272, 1278
1273, 1278
1274, 1278
1275, 1278
1276, 1278
1277, 1278
1278, 1279
1279, 1280
1281, 1288
1282, 1288
1283, 1288
1284, 1288
1285, 1288
1286, 1288
1287, 1288
1288, 1289
1289, 1290
1291, 1298
1292, 1298
1293, 1298
1294, 1298
1295, 1298
1296, 1298
1297, 1298
1298, 1299
1299, 1300
1301, 1308
1302, 1308
1303, 1308
1304, 1308
1305, 1308
1306, 1308
1307, 1308
1308, 1309
1309, 1310
1311, 1318
1312, 1318
1313, 1318
1314, 1318
1315, 1318
1316, 1318
1317, 1318
1318, 1319
1319, 1320
1321, 1328
1322, 1328
1323, 1328
1324, 1328
1325, 1328
1326, 1328
1327, 1328
1328, 1329
1329, 1330
1331, 1338
1332, 1338
1333, 1338
1334, 1338
1335, 1338
1336, 1338
1337, 1338
1338, 1339
1339, 1340
1341, 1348
1342, 1348
1343, 1348
1344, 1348
1345, 1348
1346, 1348
1347, 1348
1348, 1349
1349, 1350
1351, 1358
1352, 1358
1353, 1358
1354, 1358
1355, 1358
1356, 1358
1357, 1358
1358, 1359
1359, 1360
1361, 1368
1362, 1368
1363, 1368
1364, 1368
1365, 1368
1366, 1368
1367, 1368
1368, 1369
1369, 1370
1371, 1378
1372, 1378
1373, 1378
1374, 1378
1375, 1378
1376, 1378
1377, 1378
1378, 1379
1379, 1380
1381, 1388
1382, 1388
1383, 1388
1384, 1388
1385, 1388
1386, 1388
1387, 1388
1388, 1389
1389, 1390
1391, 1398
1392, 1398
1393, 1398
1394, 1398
1395, 1398
1396, 1398
1397, 1398
1398, 1399
1399, 1400
1401, 1408
1402, 1408
1403, 1408
1404, 1408
1405, 1408
1406, 1408
1407, 1408
1408, 1409
1409, 1410
1411, 1418
1412, 1418
1413, 1418
1414, 1418
1415, 1418
1416, 1418
1417, 1418
1418, 1419
1419, 1420
1421, 1428
1422, 1428
1423, 1428
1424, 1428
1425, 1428
1426, 1428
1427, 1428
1428, 1429
1429, 1430
1431, 1438
1432, 1438
1433, 1438
1434, 1438
1435, 1438
1436, 1438
1437, 1438
1438, 1439
1439, 1440
1441, 1448
1442, 1448
1443, 1448
1444, 1448
1445, 1448
1446, 1448
1447, 1448
1448, 1449
1449, 1450
1451, 1458
1452, 1458
1453, 1458
1454, 1458
1455, 1458
1456, 1458
1457, 1458
1458, 1459
1459, 1460
1461, 1468
1462, 1468
1463, 1468
1464, 1468
1465, 1468
1466, 1468
1467, 1468
1468, 1469
1469, 1470
1471, 1478
1472, 1478
1473, 1478
1474, 1478
1475, 1478
1476, 1478
1477, 1478
1478, 1479
1479, 1480
1481, 1488
1482, 1488
1483, 1488
1484, 1488
1485, 1488
1486, 1488
1487, 1488
1488, 1489
1489, 1490
1491, 1498
1492, 1498
1493, 1498
1494, 1498
1495, 1498
1496, 1498
1497, 1498
1498, 1499
1499, 1500
1501, 1508
1502, 1508
1503, 1508
1504, 1508
1505, 1508
1506, 1508
1507, 1508
1508, 1509
1509, 1510
1511, 1518
1512, 1518
1513, 1518
1514, 1518
1515, 1518
1516, 1518
1517, 1518
1518, 1519
1519, 1520
1521, 1528
1522, 1528
1523, 1528
1524, 1528
1525, 1528
1526, 1528
1527, 1528
1528, 1529
1529, 1530
1531, 1538
1532, 1538
1533, 1538
1534, 1538
1535, 1538
1536, 1538
1537, 1538
1538, 1539
1539, 1540
1541, 1548
1542, 1548
1543, 1548
1544, 1548
1545, 1548
1546, 1548
1547, 1548
1548, 1549
1549, 1550
1551, 1558
1552, 1558
1553, 1558
1554, 1558
1555, 1558
1556, 1558
1557, 1558
1558, 1559
1559, 1560
1561, 1568
1562, 1568
1563, 1568
1564, 1568
1565, 1568
1566, 1568
1567, 1568
1568, 1569
1569, 1570
1571, 1578
1572, 1578
1573, 1578
1574, 1578
1575, 1578
1576, 1578
1577, 1578
1578, 1579
1579, 1580
1581, 1588
1582, 1588
1583, 1588
1584, 1588
1585, 1588
1586, 1588
1587, 1588
1588, 1589
1589, 1590
1591, 1598
1592, 1598
1593, 1598
1594, 1598
1595, 1598
1596, 1598
1597, 1598
1598, 1599
1599, 1600
1601, 1608
1602, 1608
1603, 1608
1604, 1608
1605, 1608
1606, 1608
1607, 1608
1608, 1609
1609, 1610
1611, 1618
1612, 1618
1613, 1618
1614, 1618
1615, 1618
1616, 1618
1617, 1618
1618, 1619
1619, 1620
1621, 1628
1622, 1628
1623, 1628
1624, 1628
1625, 1628
1626, 1628
1627, 1628
1628, 1629
1629, 1630
1631, 1638
1632, 1638
1633, 1638
1634, 1638
1635, 1638
1636, 1638
1637, 1638
1638, 1639
1639, 1640
1641, 1648
1642, 1648
1643, 1648
1644, 1648
1645, 1648
1646, 1648
1647, 1648
1648, 1649
1649, 1650
1651, 1658
1652, 1658
1653, 1658
1654, 1658
1655, 1658
1656, 1658
1657, 1658
1658, 1659
1659, 1660
1661, 1668
1662, 1668
1663, 1668
1664, 1668
1665, 1668
1666, 1668
1667, 1668
1668, 1669
1669, 1670
1671, 1678
1672, 1678
1673, 1678
1674, 1678
1675, 1678
1676, 1678
1677, 1678
1678, 1679
1679, 1680
1681, 1688
1682, 1688
1683, 1688
1684, 1688
1685, 1688
1686, 1688
1687, 1688
1688, 1689
1689, 1690
1691, 1698
1692, 1698
1693, 1698
1694, 1698
1695, 1698
1696, 1698
1697, 1698
1698, 1699
1699, 1700
1701, 1708
1702, 1708
1703, 1708
1704, 1708
1705, 1708
1706, 1708
1707, 1708
1708, 1709
1709, 1710
1711, 1718
1712, 1718
1713, 1718
1714, 1718
1715, 1718
1716, 1718
1717, 1718
1718, 1719
1719, 1720
1721, 1728
1722, 1728
1723, 1728
1724, 1728
1725, 1728
1726, 1728
1727, 1728
1728, 1729
1729, 1730
1731, 1738
1732, 1738
1733, 1738
1734, 1738
1735, 1738
1736, 1738
1737, 1738
1738, 1739
1739, 1740
1741, 1748
1742, 1748
1743, 1748
1744, 1748
1745, 1748
1746, 1748
1747, 1748
1748, 1749
1749, 1750
1751, 1758
1752, 1758
1753, 1758
1754, 1758
1755, 1758
1756, 1758
1757, 1758
1758, 1759
1759, 1760
1761, 1768
1762, 1768
1763, 1768
1764, 1768
1765, 1768
1766, 1768
1767, 1768
1768, 1769
1769, 1770
1771, 1778
1772, 1778
1773, 1778
1774, 1778
1775, 1778
1776, 1778
1777, 1778
1778, 1779
1779, 1780
1781, 1788
1782, 1788
1783, 1788
1784, 1788
1785, 1788
1786, 1788
1787, 1788
1788, 1789
1789, 1790
1791, 1798
1792, 1798
1793, 1798
1794, 1798
1795, 1798
1796, 1798
1797, 1798
1798, 1799
1799, 1800
1801, 1808
1802, 1808
1803, 1808
1804, 1808
1805, 1808
1806, 1808
1807, 1808
1808, 1809
1809, 1810
1811, 1818
1812, 1818
1813, 1818
1814, 1818
1815, 1818
1816, 1818
1817, 1818
1818, 1819
1819, 1820
1821, 1828
1822, 1828
1823, 1828
1824, 1828
1825, 1828
1826, 1828
1827, 1828
1828, 1829
1829, 1830
1831, 1838
1832, 1838
1833, 1838
1834, 1838
1835, 1838
1836, 1838
1837, 1838
1838, 1839
1839, 1840
1841, 1848
1842, 1848
1843, 1848
1844, 1848
1845, 1848
1846, 1848
1847, 1848
1848, 1849
1849, 1850
1851, 1858
1852, 1858
1853, 1858
1854, 1858
1855, 1858
1856, 1858
1857, 1858
1858, 1859
1859, 1860
1861, 1868
1862, 1868
1863, 1868
1864, 1868
1865, 1868
1866, 1868
1867, 1868
1868, 1869
1869, 1870
1871, 1878
1872, 1878
1873, 1878
1874, 1878
1875, 1878
1876, 1878
1877, 1878
1878, 1879
1879, 1880
1881, 1888
1882, 1888
1883, 1888
1884, 1888
1885, 1888
1886, 1888
1887, 1888
1888, 1889
1889, 1890
1891, 1898
1892, 1898
1893, 1898
1894, 1898
1895, 1898
1896, 1898
1897, 1898
1898, 1899
1899, 1900
1901, 1908
1902, 1908
1903, 1908
1904, 1908
1905, 1908
1906, 1908
1907, 1908
1908, 1909
1909, 1910
1911, 1918
1912, 1918
1913, 1918
1914, 1918
1915, 1918
1916, 1918
1917, 1918
1918, 1919
1919, 1920
1921, 1928
1922, 1928
1923, 1928
1924, 1928
1925, 1928
1926, 1928
1927, 1928
1928, 1929
1929, 1930
1931, 1938
1932, 1938
1933, 1938
1934, 1938
1935, 1938
1936, 1938
1937, 1938
1938, 1939
1939, 1940
1941, 1948
1942, 1948
1943, 1948
1944, 1948
1945, 1948
1946, 1948
1947, 1948
1948, 1949
1949, 1950
1951, 1958
1952, 1958
1953, 1958
1954, 1958
1955, 1958
1956, 1958
1957, 1958
1958, 1959
1959, 1960
1961, 1968
1962, 1968
1963, 1968
1964, 1968
1965, 1968
1966, 1968
1967, 1968
1968, 1969
1969, 1970
1971, 1978
1972, 1978
1973, 1978
1974, 1978
1975, 1978
1976, 1978
1977, 1978
1978, 1979
1979, 1980
1981, 1988
1982, 1988
1983, 1988
1984, 1988
1985, 1988
1986, 1988
1987, 1988
1988, 1989
1989, 1990
1991, 1998
1992, 1998
1993, 1998
1994, 1998
1995, 1998
1996, 1998
1997, 1998
1998, 1999
1999, 2000
