([1.0, 1.0, 1.0, 1.0, 1.0], array([[48,  0],
       [ 0, 52]]))
([1.0, 1.0, 1.0, 1.0, 1.0], array([[57,  0],
       [ 0, 43]]))
([1.0, 1.0, 1.0, 1.0, 1.0], array([[45,  0],
       [ 0, 55]]))
([1.0, 1.0, 1.0, 1.0, 1.0], array([[44,  0],
       [ 0, 56]]))
([1.0, 1.0, 1.0, 1.0, 1.0], array([[47,  0],
       [ 0, 53]]))
([1.0, 1.0, 1.0, 1.0, 1.0], array([[54,  0],
       [ 0, 46]]))
([1.0, 1.0, 1.0, 1.0, 1.0], array([[54,  0],
       [ 0, 46]]))
([1.0, 1.0, 1.0, 1.0, 1.0], array([[50,  0],
       [ 0, 50]]))
([1.0, 1.0, 1.0, 1.0, 1.0], array([[50,  0],
       [ 0, 50]]))
([1.0, 1.0, 1.0, 1.0, 1.0], array([[51,  0],
       [ 0, 49]]))
