0 0.42
1 0.24
2 0.49
3 0.2
4 0.36
5 0.02
6 0.35
7 0.17
8 0.18
9 0.1
10 0.12
11 0.19
12 0.48
13 0.21
14 0.28
15 0.49
16 0.36
17 0.38
18 0.32
19 0.41
20 0.04
21 0.19
22 0.07
23 0.22
24 0.12
25 0.44
26 0.26
27 0.36
28 0.07
29 0.02
30 0.28
31 0.45
32 0.03
33 0.14
34 0.06
35 0.12
36 0.25
37 0.18
38 0.09
39 0.27
41 0.41
42 0.26
43 0.32
45 0.47
47 0.44
48 0.1
52 0.02
53 0.02
56 0.05
64 0.34
65 0.13
71 0.28
72 0.12
76 0.36
77 0.12
78 0.35
80 0.12
81 0.01
95 0.45
96 0.45
98 0.32
99 0.13
101 0.45
125 0.24
127 0.49
128 0.06
130 0.38
131 0.06
132 0.33
137 0.13
190 0.23
191 0.08
193 0.03
195 0.07
203 0.19
237 0.02
250 0.28
252 0.09
257 0.47
272 0.4
274 0.47
275 0.11
286 0.48
304 0.23
319 0.23
321 0.03
334 0.25
378 0.34
446 0.09
455 0.43
461 0.05
467 0.26
556 0.42
557 0.27
578 0.17
582 0.34
583 0.35
584 0.31
586 0.01
587 0.28
589 0.24
590 0.34
604 0.29
639 0.28
642 0.04
717 0.22
824 0.21
848 0.46
859 0.42
862 0.42
974 0.43
1060 0.17
1279 0.05
1417 0.42
1531 0.01
1641 0.12
1682 0.2
1736 0.2
2281 0.43
3174 0.14
3176 0.22
3955 0.23
4614 0.18
4639 0.42
4641 0.44
4659 0.03
6350 0.38
6703 0.25
11443 0.42
12742 0.12
15383 0.22
15416 0.2
